Left Eye Coordinates in Pixels		Right Eye Coordinates in Pixels		Timestamp
123, 200                             131, 69                            1441352790382ms
127, 199                            114, 159                            1441352790415ms
126, 193                             84, 169                            1441352790448ms
124, 192                            101, 171                            1441352790482ms
0, 0                                 87, 165                            1441352790515ms
0, 0                                 86, 162                            1441352790548ms
44, 102                              82, 167                            1441352790582ms
41, 131                             120, 236                            1441352790615ms
55, 143                              68, 191                            1441352790648ms
55, 144                               34, 96                            1441352790681ms
119, 155                             44, 127                            1441352790715ms
124, 185                             50, 143                            1441352790748ms
113, 189                             62, 154                            1441352790781ms
95, 190                              48, 186                            1441352790815ms
71, 142                              70, 254                            1441352790848ms
0, 0                                    0, 0                            1441352790881ms
0, 0                                    0, 0                            1441352790915ms
0, 0                                    0, 0                            1441352790948ms
73, 171                              75, 226                            1441352790981ms
87, 204                              89, 211                            1441352791014ms
0, 0                                    0, 0                            1441352791048ms
0, 0                                    0, 0                            1441352791081ms
0, 0                                 21, 188                            1441352791114ms
0, 0                                -28, 179                            1441352791148ms
0, 0                                449, -40                            1441352791181ms
-97, 17                                 0, 0                            1441352791214ms
-166, 33                             196, 85                            1441352791248ms
323, 222                             131, 57                            1441352791281ms
0, 0                                344, 234                            1441352791314ms
0, 0                                    0, 0                            1441352791348ms
61, 670                             275, 187                            1441352791381ms
0, 0                                    0, 0                            1441352791414ms
0, 0                                    0, 0                            1441352791447ms
70, 913                            402, 1122                            1441352791481ms
0, 0                                    0, 0                            1441352791514ms
145, 1016                               0, 0                            1441352791547ms
0, 0                                    0, 0                            1441352791581ms
0, 0                                    0, 0                            1441352791614ms
82, 987                             406, 572                            1441352791647ms
0, 0                                    0, 0                            1441352791681ms
0, 0                                347, 698                            1441352791714ms
173, 275                            388, 713                            1441352791747ms
224, 252                            337, 637                            1441352791780ms
235, 249                            236, 180                            1441352791814ms
247, 215                            274, 231                            1441352791847ms
237, 202                            137, 115                            1441352791880ms
262, 172                            133, 174                            1441352791914ms
0, 0                                 99, 154                            1441352791947ms
118, 52                              79, 122                            1441352791980ms
129, 62                              187, 22                            1441352792014ms
0, 0                                    0, 0                            1441352792047ms
0, 0                                    0, 0                            1441352792080ms
183, 72                                 0, 0                            1441352792114ms
215, 77                                 0, 0                            1441352792147ms
125, 92                                 0, 0                            1441352792180ms
269, 106                                0, 0                            1441352792213ms
504, 58                                 0, 0                            1441352792247ms
455, 75                                 0, 0                            1441352792280ms
0, 0                                    0, 0                            1441352792313ms
0, 0                                    0, 0                            1441352792347ms
0, 0                                    0, 0                            1441352792380ms
0, 0                                    0, 0                            1441352792413ms
0, 0                                    0, 0                            1441352792447ms
0, 0                                    0, 0                            1441352792480ms
0, 0                                    0, 0                            1441352792513ms
0, 0                                    0, 0                            1441352792546ms
0, 0                                    0, 0                            1441352792580ms
0, 0                                    0, 0                            1441352792613ms
0, 0                                    0, 0                            1441352792646ms
0, 0                                    0, 0                            1441352792680ms
0, 0                                    0, 0                            1441352792713ms
0, 0                                    0, 0                            1441352792746ms
0, 0                                    0, 0                            1441352792780ms
0, 0                                    0, 0                            1441352792813ms
0, 0                                    0, 0                            1441352792846ms
0, 0                                    0, 0                            1441352792880ms
321, 102                           -494, 343                            1441352792913ms
0, 0                                    0, 0                            1441352792946ms
70, 115                            -246, 171                            1441352792979ms
-473, -185                         -164, 114                            1441352793013ms
0, 0                                    0, 0                            1441352793046ms
0, 0                                    0, 0                            1441352793079ms
0, 0                                    0, 0                            1441352793113ms
0, 0                                    0, 0                            1441352793147ms
0, 0                                    0, 0                            1441352793179ms
0, 0                                    0, 0                            1441352793213ms
0, 0                                    0, 0                            1441352793246ms
0, 0                                    0, 0                            1441352793279ms
0, 0                                    0, 0                            1441352793312ms
0, 0                                    0, 0                            1441352793346ms
0, 0                                    0, 0                            1441352793379ms
0, 0                                    0, 0                            1441352793412ms
0, 0                                    0, 0                            1441352793446ms
266, 28                             -122, 85                            1441352793479ms
274, 18                              -96, 67                            1441352793512ms
252, 51                                 0, 0                            1441352793546ms
0, 0                                    0, 0                            1441352793579ms
269, 72                                 0, 0                            1441352793612ms
0, 0                                    0, 0                            1441352793645ms
214, 58                             -34, 113                            1441352793679ms
0, 0                                    0, 0                                391265937ms
0, 0                                    0, 0                                391265904ms
0, 0                                -75, 134                            1441352793779ms
0, 0                                 63, 154                            1441352793812ms
0, 0                                    0, 0                            1441352793845ms
0, 0                                    0, 0                            1441352793879ms
127, 83                              51, 123                            1441352793912ms
85, 55                             -102, 314                            1441352793945ms
0, 0                                    0, 0                            1441352793979ms
0, 0                                    0, 0                            1441352794012ms
63, 41                              362, 158                            1441352794045ms
50, 33                              200, 171                            1441352794079ms
93, 216                             161, 249                            1441352794112ms
39, 219                             120, 186                            1441352794145ms
57, 223                             118, 201                            1441352794178ms
52, 231                             127, 224                            1441352794212ms
82, 214                             249, 205                            1441352794245ms
90, 221                             244, 209                            1441352794278ms
195, 139                            244, 193                            1441352794312ms
0, 0                                    0, 0                            1441352794345ms
248, 112                            243, 188                            1441352794378ms
260, 147                            246, 181                            1441352794412ms
234, 157                            243, 192                            1441352794445ms
230, 180                            309, 154                            1441352794478ms
216, 168                            247, 161                            1441352794511ms
218, 177                            241, 171                            1441352794545ms
215, 175                            254, 175                            1441352794578ms
209, 176                            253, 187                            1441352794611ms
207, 178                            254, 180                            1441352794645ms
208, 175                            261, 172                            1441352794678ms
204, 176                            260, 168                            1441352794711ms
208, 172                            259, 169                            1441352794745ms
206, 173                            261, 175                            1441352794778ms
211, 174                            263, 170                            1441352794811ms
209, 173                            257, 173                            1441352794844ms
208, 173                            258, 171                            1441352794878ms
209, 176                            262, 171                            1441352794911ms
207, 179                            261, 164                            1441352794944ms
202, 180                            262, 162                            1441352794978ms
203, 180                            260, 164                            1441352795011ms
201, 180                            265, 162                            1441352795044ms
196, 179                            260, 163                            1441352795078ms
194, 177                            260, 158                            1441352795111ms
